30
0 24 69.723
0 23 71.907
0 26 47.366
0 14 70.556
0 12 12.659
0 18 31.86
0 25 26.671
0 19 97.484
0 20 17.986
0 3 53.755
0 13 62.497
0 8 58.011
0 22 90.303
0 4 60.776
0 10 18.29
0 2 97.178
0 16 52.039
0 17 50.844
0 27 12.223
0 28 95.599
0 29 38.233
29 1 13.873
29 2 42.552
29 4 85.787
29 6 22.322
29 8 86.748
29 10 15.823
29 11 89.753
29 12 92.503
29 14 85.099
29 15 15.042
29 20 78.774
29 21 57.288
29 24 75.793
29 23 79.544
29 27 98.66
29 22 20.706
29 25 64.17
29 13 81.95
29 26 55.342
29 16 39.236
29 3 5.922
29 7 7.966
24 1 99.18
24 4 42.49
24 5 63.923
24 6 30.783
24 7 2.564
24 8 10.621
24 10 63.779
24 12 88.444
24 13 1.281
24 14 1.439
24 19 43.584
24 20 6.53
24 21 42.489
24 23 42.014
24 11 70.66
24 22 27.766
24 18 70.938
24 27 55.287
24 9 44.66
24 16 40.538
24 28 89.131
24 25 19.329
24 26 48.159
23 1 64.17
23 3 30.656
23 5 71.112
23 7 86.641
23 8 77.867
23 9 46.537
23 10 28.11
23 12 97.155
23 15 79.295
23 17 58.6
23 18 33.646
23 11 27.339
23 22 63.047
23 16 55.616
23 14 31.423
23 2 40.497
23 27 37.494
23 25 87.986
23 20 22.001
23 26 55.908
26 1 20.132
26 5 97.741
26 6 66.798
26 7 59.939
26 8 81.665
26 9 16.439
26 11 66.839
26 12 10.298
26 13 65.309
26 14 51.42
26 15 45.643
26 19 59.247
26 10 73.267
26 18 24.602
26 16 26.587
26 2 45.314
26 3 34.66
26 28 4.86
14 1 54.207
14 3 89.691
14 4 43.786
14 5 95.927
14 6 99.868
14 10 14.144
14 12 29.835
14 13 40.144
14 7 48.993
14 17 16.338
14 19 18.63
14 27 43.223
14 11 0.092
14 2 84.673
14 20 16.839
14 16 9.157
14 21 2.904
14 22 47.928
14 25 82.619
14 28 83.123
12 2 96.273
12 5 15.718
12 6 41.18
12 7 44.982
12 10 44.562
12 9 65.789
12 27 37.517
12 8 49.516
12 16 76.359
12 25 71.001
12 11 96.778
12 13 59.772
12 15 98.101
12 19 61.433
12 21 91.357
12 22 18.235
12 28 65.077
18 3 36.822
18 4 19.963
18 9 95.722
18 13 63.175
18 15 28.47
18 17 19.413
18 21 67.242
18 6 28.028
18 1 6.433
18 20 94.08
18 7 54.83
18 5 66.869
18 11 87.188
18 2 1.865
18 25 2.432
18 27 97.328
18 28 40.943
25 2 41.472
25 3 99.344
25 4 21.782
25 5 96.576
25 8 73.736
25 9 51.884
25 10 9.455
25 11 67.179
25 15 55.647
25 16 89.584
25 19 25.84
25 20 62.456
25 21 25.436
25 13 44.391
25 28 89.892
25 7 5.721
25 27 68.24
19 1 45.731
19 3 3.317
19 5 5.075
19 6 72.637
19 9 26.558
19 10 3.619
19 15 45.471
19 16 85.279
19 17 38.442
19 27 6.388
19 22 90.519
19 8 12.215
19 28 21.894
19 4 87.762
19 7 8.434
20 2 47.706
20 3 16.832
20 4 54.467
20 6 64.814
20 7 94.601
20 8 48.728
20 9 92.372
20 13 28.415
20 15 62.822
20 16 38.229
20 17 19.992
20 1 62.622
20 11 73.845
20 22 48.207
3 2 17.998
3 27 35.036
3 22 88.638
3 9 63.157
3 4 27.715
3 13 27.417
3 21 72.326
3 7 93.65
3 28 24.455
3 10 89.939
3 11 32.424
3 15 11.164
3 16 2.88
3 17 59.59
13 2 85.444
13 4 97.924
13 5 15.786
13 8 51.505
13 9 88.829
13 11 75.155
13 10 10.383
13 7 5.186
13 27 87.859
13 15 49.588
13 21 48.494
8 5 49.919
8 6 15.03
8 7 73.33
8 21 52.414
8 22 69.87
8 1 49.111
8 11 45.178
8 16 70.714
8 28 18.492
8 9 74.298
8 10 19.003
8 27 39.403
22 1 81.865
22 2 6.758
22 7 88.458
22 11 38.174
22 16 57.648
22 21 96.167
22 28 52.38
22 6 17.561
22 10 32.007
22 5 49.908
22 4 69.659
22 17 20.168
22 9 30.209
22 27 58.07
4 28 85.639
4 11 6.659
4 16 60.706
4 17 53.548
4 21 99.098
4 9 30.824
4 7 72.079
4 1 97.752
4 5 83.324
4 6 4.909
4 27 2.216
10 1 37.116
10 2 68.502
10 9 38.486
10 17 91.616
10 5 23.204
10 28 55.429
10 7 42.768
10 11 11.529
10 15 98.495
10 21 86.664
1 2 94.134
1 28 45.097
1 21 15.058
1 5 38.717
1 27 17.827
1 17 17.958
1 15 16.351
1 9 61.958
1 11 69.518
2 28 73.481
2 9 79.331
2 15 70.182
2 11 51.491
2 7 72.339
2 16 87.837
2 6 64.497
2 21 12.868
2 27 51.205
28 6 2.057
28 9 53.848
28 11 92.625
28 15 16.542
28 16 54.649
28 17 95.107
28 27 55.483
28 21 45.465
21 5 35.21
21 6 89.79
21 7 68.821
21 11 61.608
21 15 50.816
21 16 21.582
21 17 99.543
21 9 21.457
21 27 50.572
5 7 88.823
5 27 83.918
5 17 28.294
5 9 71.619
5 15 39.539
27 7 61.061
27 16 93.914
27 15 93.184
27 17 65.669
17 6 33.084
17 7 44.805
17 16 84.504
17 9 3.705
17 15 12.292
15 7 68.397
15 9 3.561
9 6 45.307
9 16 31.54
9 11 9.393
11 6 14.042
11 16 93.535
7 6 29.727
16 6 46.007